1 0.4828125 0.5171875
2 0.50869925435 0.49130074565
3 0.487160674982 0.512839325018
4 0.489089541008 0.510910458992
5 0.481532147743 0.518467852257
6 0.470633693972 0.529366306028
7 0.450549450549 0.549450549451
8 0.456570155902 0.543429844098
9 0.478194338179 0.521805661821
10 0.456303724928 0.543696275072
11 0.472713864307 0.527286135693
12 0.46750524109 0.53249475891
13 0.457207207207 0.542792792793
14 0.47175348496 0.52824651504
15 0.475321162948 0.524678837052
16 0.489736070381 0.510263929619
17 0.477190441709 0.522809558291
18 0.455265241489 0.544734758511
19 0.474674384949 0.525325615051
20 0.522354272779 0.477645727221
21 0.450034940601 0.549965059399
22 0.477181208054 0.522818791946
23 0.484490398818 0.515509601182
24 0.465220643231 0.534779356769
25 0.400264200793 0.599735799207
26 0.523631840796 0.476368159204
27 0.493790656416 0.506209343584
28 0.47870528109 0.52129471891
29 0.476449275362 0.523550724638
30 0.503184713376 0.496815286624
31 0.486402966625 0.513597033375
32 0.471014492754 0.528985507246
33 0.506292906178 0.493707093822
34 0.47651421508 0.52348578492
35 0.518831168831 0.481168831169
36 0.520158625248 0.479841374752
37 0.495192307692 0.504807692308
38 0.48412222888 0.51587777112
39 0.480806766428 0.519193233572
40 0.505006257822 0.494993742178
41 0.541639767592 0.458360232408
42 0.544117647059 0.455882352941
43 0.45811965812 0.54188034188
44 0.517615176152 0.482384823848
45 0.485834840265 0.514165159735
46 0.442799461642 0.557200538358
47 0.495757575758 0.504242424242
48 0.481308411215 0.518691588785
49 0.464264619019 0.535735380981
50 0.464686098655 0.535313901345
51 0.502063983488 0.497936016512
52 0.479052823315 0.520947176685
53 0.486111111111 0.513888888889
54 0.496638278799 0.503361721201
55 0.529891304348 0.470108695652
56 0.405336721728 0.594663278272
57 0.457094784072 0.542905215928
58 0.500891265597 0.499108734403
59 0.559139784946 0.440860215054
60 0.476460578559 0.523539421441
61 0.558937823834 0.441062176166
62 0.479572595852 0.520427404148
63 0.552874378992 0.447125621008
64 0.499099099099 0.500900900901
65 0.486705202312 0.513294797688
66 0.491935483871 0.508064516129
67 0.463565891473 0.536434108527
68 0.475419664269 0.524580335731
69 0.458233890215 0.541766109785
70 0.467864547339 0.532135452661
71 0.466862170088 0.533137829912
72 0.509286998203 0.490713001797
73 0.497481108312 0.502518891688
74 0.472345835982 0.527654164018
75 0.518280949326 0.481719050674
76 0.469742063492 0.530257936508
77 0.535014005602 0.464985994398
78 0.460369163952 0.539630836048
79 0.526677231907 0.473322768093
80 0.483050847458 0.516949152542
81 0.486710239651 0.513289760349
82 0.466280295047 0.533719704953
83 0.532212885154 0.467787114846
84 0.458673932788 0.541326067212
85 0.478159851301 0.521840148699
86 0.515167095116 0.484832904884
87 0.488229273286 0.511770726714
88 0.499734183945 0.500265816055
89 0.491062562066 0.508937437934
90 0.49668536461 0.50331463539
91 0.48987654321 0.51012345679
92 0.499745805796 0.500254194204
93 0.502191914272 0.497808085728
94 0.519017814155 0.480982185845
95 0.474530831099 0.525469168901
96 0.506511627907 0.493488372093
97 0.507125307125 0.492874692875
98 0.498508946322 0.501491053678
99 0.505404014411 0.494595985589
100 0.525347912525 0.474652087475
