1 0.598771087382 0.046202691603
2 0.60814007065 0.0433420365535
3 0.598223099704 0.0442031369968
4 0.606725888325 0.0452411167513
5 0.609786581025 0.0515432928855
6 0.588995833932 0.0474069817555
7 0.595666600407 0.0470190675698
8 0.615490792735 0.045597139003
9 0.6112504018 0.048649951784
10 0.603660855784 0.0493026941363
11 0.603065182231 0.0517092473659
12 0.604376553709 0.0519265995028
13 0.60141660245 0.051187880179
14 0.602260322353 0.0530726256983
15 0.616308912739 0.0472301846544
16 0.59838563183 0.0472004922211
17 0.589448325705 0.0458042238818
18 0.577030215929 0.0442149713454
19 0.604839058112 0.0470079930871
20 0.581137712128 0.0533380357662
21 0.577496529105 0.0514698484879
22 0.589202812044 0.046614746177
23 0.593445563119 0.0530102311173
24 0.597804931881 0.0515861072654
25 0.604867306185 0.0584338023963
26 0.573455648161 0.0529628287529
27 0.60840423824 0.0469979129876
28 0.599028131878 0.0526246976531
29 0.602225709802 0.0506016074571
30 0.599724896836 0.060522696011
