1 0.263684360631 0.0203465522159
2 0.272092575795 0.0193919903246
3 0.264617815853 0.0195528015748
4 0.266646216911 0.0198827392447
5 0.268337510443 0.0226817042607
6 0.257940946203 0.020761100548
7 0.267149450354 0.0210874976855
8 0.27216357558 0.0201625768148
9 0.266567605644 0.0212163478724
10 0.265361143621 0.0216727971911
11 0.266531105127 0.0228534547373
12 0.260989321431 0.0224235832533
13 0.259411178139 0.0220790517747
14 0.262910403308 0.023168296016
15 0.263371173815 0.0201831726181
16 0.274620142531 0.0216619604679
17 0.257261817978 0.0199910278697
18 0.237850409192 0.018225300403
19 0.221212647947 0.0171926109698
20 0.2180363342 0.0200118311876
21 0.220654714312 0.0196660311212
22 0.233427923667 0.0184676365929
23 0.224960598288 0.0200948731419
24 0.228997894025 0.0197608104161
25 0.241627650374 0.0233426773626
26 0.226565796612 0.0209250105492
27 0.232944810259 0.0179944833309
28 0.217733951131 0.0191279553285
29 0.207042011723 0.0173965648325
30 0.220038796978 0.0222057501538
