11 0.664419568902 0.0199557602628
12 0.633220338983 0.0246004842615
13 0.623906705539 0.0257905359946
14 0.616937876091 0.0191117891347
15 0.635517142584 0.0255944990927
16 0.615750732234 0.0287305379991
17 0.633864235245 0.0226196861227
18 0.623594300598 0.0164547265206
19 0.622385730212 0.022519509476
20 0.611599163339 0.0201559231793
21 0.611652931227 0.0280706805341
22 0.617720659965 0.0242185180472
23 0.626608245369 0.0244174467238
24 0.610605100586 0.0219388563282
25 0.58469737343 0.0232584697373
26 0.626635840168 0.027089513174
27 0.623761488456 0.0223268325488
28 0.606862551765 0.0229934924078
29 0.628516597934 0.0239679882406
30 0.598816302068 0.0218384776746
31 0.61992633937 0.0209591069598
32 0.640454482663 0.0263157894737
33 0.625151805689 0.031447746884
34 0.627793475469 0.0298398835517
35 0.600133642545 0.0221296332691
36 0.625513675931 0.0298263443949
37 0.615556127262 0.0216104965269
38 0.613306882344 0.0280024416298
39 0.636935240964 0.0309487951807
40 0.618563734291 0.0217953321364
41 0.640042235771 0.0222419019721
42 0.623989027101 0.0309795204086
43 0.621562423947 0.0209296665855
44 0.616603892028 0.019930947897
45 0.631873616597 0.0226118658044
46 0.621876558886 0.0248061312412
47 0.635892667375 0.025991852639
48 0.630031720502 0.0258678461332
49 0.601806621695 0.019888346127
50 0.60770116834 0.0207339147606
