1 0.76541640178 0.113795295613
2 0.804757998359 0.0910582444627
3 0.809278350515 0.0898379970545
4 0.805659369995 0.0902295782168
5 0.752563226247 0.101161995899
6 0.748370273794 0.112777053455
7 0.851239669421 0.0726092089728
8 0.817233809001 0.0916575192097
9 0.737095664143 0.117687543014
10 0.787675411836 0.0890787065284
11 0.802561366062 0.0896478121665
12 0.798933333333 0.0928
13 0.785975928833 0.115122972266
14 0.779487179487 0.0803418803419
15 0.804968287526 0.0761099365751
16 0.786851566513 0.0821777092964
17 0.804325437693 0.100926879506
18 0.804390243902 0.0907317073171
19 0.768652710682 0.133655394525
20 0.817940552017 0.0822717622081
21 0.791089965398 0.0964532871972
22 0.804390243902 0.0951219512195
23 0.795024875622 0.0910447761194
24 0.81310123683 0.0829134218965
25 0.766270514997 0.113186191285
26 0.789194404245 0.0988904968644
27 0.808274470232 0.0923309788093
28 0.808300395257 0.102766798419
29 0.776785714286 0.106584821429
30 0.79887054735 0.100781928758
31 0.825305535586 0.0884255930985
32 0.802679031427 0.0870685213807
33 0.785010940919 0.0891684901532
34 0.776054590571 0.10111662531
35 0.818992989165 0.0707456978967
36 0.772851669403 0.102353585112
37 0.743051266214 0.126003705991
38 0.7664531159 0.0984274898078
39 0.782496782497 0.0952380952381
40 0.843324250681 0.0728882833787
41 0.791420118343 0.100591715976
42 0.791113675707 0.0998268897865
43 0.806435643564 0.0970297029703
44 0.78408458542 0.0868113522538
45 0.788288288288 0.103103103103
46 0.781800391389 0.10469667319
47 0.833786231884 0.0928442028986
48 0.828632478632 0.0833333333333
49 0.771364653244 0.11096196868
50 0.832361516035 0.0796890184645
51 0.729518072289 0.117469879518
52 0.852279635258 0.0662613981763
53 0.81978021978 0.0862637362637
54 0.756860242502 0.119974473516
55 0.852279635258 0.0711246200608
56 0.797475301866 0.102085620198
57 0.778484673222 0.115673799884
58 0.823451910408 0.0816864295125
59 0.827205882353 0.0727941176471
60 0.828591256072 0.0832755031228
61 0.79238548483 0.0999405116002
62 0.848208469055 0.0729641693811
63 0.839974293059 0.0674807197943
64 0.803584229391 0.0982078853047
65 0.798310454065 0.0860612460401
66 0.77859988617 0.102447353443
67 0.839640795382 0.0795381654907
68 0.808481532148 0.0889192886457
69 0.828048780488 0.0792682926829
70 0.790094339623 0.094929245283
