1 0.0234602066167 0.00109591274904
2 0.0353168741647 0.00126843450329
3 0.045367453195 0.00183571708846
4 0.0450644563842 0.00220508682816
5 0.0457843034371 0.00241822520521
6 0.0315144626979 0.00150911007307
7 0.0343808882433 0.0013820873038
8 0.0345275206099 0.00140607688119
9 0.0333366297934 0.00135390324419
10 0.0321331492936 0.00137323164039
11 0.0324119667705 0.00131937932627
12 0.032116547424 0.00134133261041
13 0.0330350512751 0.00131360034591
14 0.0320479798099 0.00121698197921
15 0.0243706525935 0.00110775693607
